-20.35
-20.35
-20.35
-20.35
-20.35
-20.35
-20.35
-20.33
-20.27
-20.21
-20.21
-20.21
-20.21
-20.21
-20.06
-20.02
-20.02
-20.02
-20.02
-20.01
-20.01
-20.01
-20.01
-19.98
-19.88
-19.87
-19.84
-19.84
-19.76
-19.57
-19.52
-19.42
-19.42
-19.42
-19.42
-19.42
-19.42
-19.42
-19.42
-19.42
-19.42
-19.42
-19.42
-19.42
-19.3
-19.29
-19.28
-19.28
-19.19
-19.15
-19.01
-18.96
-18.96
-18.96
-18.96
-18.96
-18.96
-18.96
-18.96
-18.96
-18.96
-18.96
-18.96
-18.96
-18.96
-18.96
-18.96
-18.96
-18.72
-18.63
-18.61
-18.59
-18.59
-18.59
-18.59
-18.59
-18.59
-18.51
-18.4
-18.27
-18.27
-18.24
-18.24
-18.24
-18.24
-18.24
-18.24
-18.24
-18.24
-18.24
-18.24
-18.24
-18.2
-18.17
-18.17
-18.17
-18.17
-18.17
-18.17
-18.17
-18.17
-18.17
-18.09
-18.0
-17.75
-17.75
-17.75
-17.75
-17.75
-17.75
-17.75
-17.75
-17.75
-17.75
-17.74
-17.72
-17.72
-17.72
-17.72
-17.72
-17.72
-17.72
-17.72
-17.72
-17.72
-17.72
-17.72
-17.72
-17.7
-17.7
-17.66
-17.66
-17.66
-17.66
-17.66
-17.66
-17.59
-17.49
-17.49
-17.43
-17.33
-17.29
-17.27
-17.27
-17.27
-17.27
-17.27
-17.17
-17.15
-17.15
-17.15
-17.15
-17.15
-17.15
-17.15
-17.15
-17.15
-17.15
-17.15
-17.15
-17.15
-17.15
-17.15
-17.15
-17.15
-17.15
-17.15
-17.15
-17.15
-17.15
-17.15
-17.15
-17.15
-16.94
-16.82
-16.82
-16.82
-16.82
-16.82
-16.82
-16.82
-16.82
-16.82
-16.82
-16.82
-16.82
-16.82
-16.82
-16.82
-16.82
-16.82
-16.82
-16.82
-16.82
-16.82
-16.82
-16.82
-16.82
-16.82
-16.82
-16.82
-16.82
-16.82
-16.82
-16.82
-16.82
-16.82
-16.82
-16.82
-16.82
-16.82
-16.82
-16.82
-16.82
-16.82
-16.82
-16.82
-16.82
-16.82
-16.82
-16.82
-16.82
-16.82
-16.82
-16.82
-16.82
-16.82
-16.82
-16.82
-16.82
-16.82
-16.82
-16.82
-16.82
-16.82
-16.82
-16.82
-16.82
-16.82
-16.82
-16.82
-16.82
-16.82
-16.82
-16.82
-16.82
-16.82
-16.82
-16.82
-16.82
-16.82
-16.82
-16.82
-16.77
-16.71
-16.5
-16.42
-16.42
-16.42
-16.42
-16.42
-16.42
-16.42
-16.42
-16.42
-16.42
-16.42
-16.42
-16.42
-16.42
-16.42
-16.42
-16.42
-16.42
-16.42
-16.42
-16.42
-16.42
-16.42
-16.42
-16.42
-16.42
-16.42
-16.42
-16.42
-16.42
-16.42
-16.42
-16.42
-16.42
-16.42
-16.42
-16.42
-16.42
-16.42
-16.42
-16.42
-16.42
-16.42
-16.42
-16.42
-16.42
-16.42
-16.42
-16.42
-16.24
-16.24
-16.14
-16.14
-16.14
-16.11
-16.11
-16.11
-16.11
-16.11
-16.11
-15.96
-15.91
-15.91
-15.91
-15.91
-15.91
-15.91
-15.91
-15.91
-15.79
-15.79
-15.79
-15.79
-15.76
-15.76
-15.76
-15.76
-15.76
-15.76
-15.76
-15.76
-15.76
-15.76
-15.76
-15.76
-15.76
-15.76
-15.76
-15.76
-15.76
-15.76
-15.76
-15.76
-15.76
-15.76
-15.76
-15.76
-15.76
-15.76
-15.76
-15.76
-15.76
-15.76
-15.76
-15.76
-15.76
-15.76
-15.76
-15.74
-15.74
-15.74
-15.74
-15.74
-15.74
-15.74
-15.74
-15.74
-15.74
-15.74
-15.74
-15.74
-15.74
-15.74
-15.74
-15.74
-15.74
-15.74
-15.74
-15.74
-15.74
-15.74
-15.74
-15.74
-15.74
-15.74
-15.74
-15.74
-15.74
-15.74
-15.74
-15.74
-15.74
-15.74
-15.74
-15.74
-15.74
-15.74
-15.74
-15.74
-15.74
-15.74
