-20.35
-20.35
-20.35
-20.35
-20.35
-20.35
-20.35
-20.35
-20.35
-20.35
-20.35
-20.35
-20.35
-20.35
-20.35
-20.35
-20.35
-20.35
-20.35
-20.35
-20.31
-20.22
-20.15
-19.87
-19.81
-19.58
-19.58
-19.58
-19.44
-19.25
-19.2
-19.2
-19.2
-19.2
-19.2
-19.2
-19.1
-18.86
-18.78
-18.78
-18.74
-18.74
-18.74
-18.74
-18.7
-18.55
-18.4
-18.4
-18.4
-18.37
-18.32
-18.09
-18.02
-18.02
-18.0
-18.0
-18.0
-18.0
-18.0
-17.94
-17.81
-17.81
-17.68
-17.62
-17.62
-17.61
-17.61
-17.61
-17.61
-17.61
-17.58
-17.45
-17.45
-17.45
-17.45
-17.45
-17.45
-17.45
-17.35
-17.28
-17.28
-17.28
-17.28
-17.28
-17.26
-17.16
-17.16
-17.12
-17.12
-17.12
-17.12
-17.12
-17.12
-17.12
-17.11
-17.11
-17.11
-17.11
-17.11
-17.09
-17.05
-17.0
-17.0
-16.99
-16.99
-16.99
-16.99
-16.99
-16.99
-16.99
-16.96
-16.96
-16.93
-16.73
-16.7
-16.7
-16.7
-16.7
-16.7
-16.7
-16.7
-16.7
-16.7
-16.7
-16.7
-16.7
-16.7
-16.7
-16.7
-16.7
-16.53
-16.51
-16.46
-16.42
-16.36
-16.36
-16.36
-16.36
-16.36
-16.36
-16.36
-16.33
-16.25
-16.25
-16.25
-16.25
-16.25
-16.25
-16.25
-16.25
-16.25
-16.25
-16.25
-16.25
-16.25
-16.25
-16.25
-16.25
-16.25
-16.25
-16.25
-16.08
-15.98
-15.86
-15.81
-15.78
-15.78
-15.78
-15.78
-15.78
-15.78
-15.78
-15.78
-15.78
-15.78
-15.78
-15.78
-15.78
-15.78
-15.78
-15.78
-15.78
-15.78
-15.78
-15.78
-15.78
-15.78
-15.78
-15.78
-15.78
-15.52
-15.39
-15.32
-15.32
-15.32
-15.32
-15.32
-15.32
-15.32
-15.32
-15.32
-15.32
-15.32
-15.32
-15.32
-15.32
-15.32
-15.32
-15.25
-15.15
-15.15
-15.15
-15.15
-15.15
-15.15
-15.15
-15.15
-15.15
-15.15
-15.15
-15.15
-15.15
-15.15
-15.15
-15.15
-15.01
-14.94
-14.93
-14.93
-14.93
-14.93
-14.93
-14.93
-14.93
-14.93
-14.93
-14.93
-14.93
-14.93
-14.93
-14.93
-14.93
-14.93
-14.93
-14.93
-14.93
-14.93
-14.93
-14.93
-14.93
-14.93
-14.93
-14.93
-14.93
-14.93
-14.93
-14.93
-14.93
-14.93
-14.85
-14.7
-14.65
-14.56
-14.56
-14.56
-14.56
-14.56
-14.56
-14.56
-14.56
-14.56
-14.56
-14.56
-14.56
-14.56
-14.56
-14.56
-14.56
-14.56
-14.56
-14.56
-14.56
-14.56
-14.56
-14.46
-14.25
-14.25
-14.25
-14.25
-14.25
-14.25
-14.25
-14.25
-14.25
-14.25
-14.25
-14.25
-14.25
-14.25
-14.25
-14.25
-14.25
-14.25
-14.25
-14.25
-14.25
-14.25
-14.25
-14.11
-14.08
-14.08
-14.08
-14.08
-14.08
-14.08
-14.08
-14.08
-14.04
-14.04
-14.04
-14.04
-14.04
-14.04
-14.04
-14.04
-14.04
-13.97
-13.97
-13.97
-13.97
-13.97
-13.97
-13.8
-13.8
-13.72
-13.38
-13.09
-13.09
-13.07
-13.07
-13.07
-13.07
-13.07
-13.07
-13.07
-13.07
-13.07
-13.07
-13.07
-13.07
-13.07
-13.07
-13.07
-13.07
-13.07
-13.07
-13.07
-13.07
-13.07
-13.07
-13.07
-13.07
-13.07
-13.07
-13.07
-13.07
-13.07
-13.07
-13.07
-13.07
-13.07
-13.07
-13.07
-13.07
-13.07
-13.07
-13.07
-13.07
-13.07
-13.07
-13.07
-13.07
-13.07
-13.07
-13.07
-13.07
-13.07
-13.07
-13.07
-13.05
-12.9
-12.76
-12.76
-12.76
-12.76
-12.76
-12.76
-12.76
-12.76
-12.76
-12.76
-12.56
-12.56
-12.56
-12.56
-12.56
-12.56
-12.56
-12.56
