-20.35
-20.35
-20.35
-20.35
-20.35
-20.27
-20.27
-20.27
-20.27
-20.27
-20.14
-20.03
-19.95
-19.86
-19.63
-19.54
-19.31
-19.31
-19.31
-19.31
-19.31
-19.31
-19.31
-19.23
-19.14
-19.14
-19.14
-19.09
-18.73
-18.54
-18.39
-18.31
-18.24
-18.24
-18.22
-18.21
-18.21
-18.21
-18.21
-18.21
-18.16
-18.08
-18.02
-18.02
-18.02
-18.02
-18.02
-18.02
-18.02
-17.99
-17.99
-17.99
-17.99
-17.99
-17.99
-17.99
-17.99
-17.99
-17.99
-17.99
-17.96
-17.88
-17.75
-17.56
-17.5
-17.5
-17.5
-17.5
-17.5
-17.5
-17.5
-17.5
-17.5
-17.5
-17.5
-17.5
-17.5
-17.5
-17.5
-17.5
-17.49
-17.47
-17.47
-17.47
-17.47
-17.47
-17.47
-17.47
-17.47
-17.47
-17.47
-17.47
-17.47
-17.47
-17.47
-17.47
-17.47
-17.47
-17.47
-17.42
-17.41
-17.41
-17.41
-17.41
-17.41
-17.41
-17.41
-17.41
-17.23
-17.16
-17.16
-17.16
-17.16
-17.16
-17.16
-17.16
-17.16
-17.16
-16.96
-16.82
-16.68
-16.68
-16.68
-16.68
-16.68
-16.68
-16.68
-16.68
-16.68
-16.68
-16.68
-16.68
-16.68
-16.68
-16.68
-16.68
-16.68
-16.68
-16.68
-16.51
-16.51
-16.42
-16.42
-16.42
-16.42
-16.42
-16.42
-16.42
-16.42
-16.42
-16.42
-16.42
-16.42
-16.42
-16.42
-16.42
-16.42
-16.42
-16.42
-16.42
-16.42
-16.42
-16.42
-16.42
-16.42
-16.42
-16.42
-16.42
-16.42
-16.37
-16.35
-16.3
-16.2
-16.2
-16.2
-16.2
-16.2
-16.2
-16.2
-16.2
-16.2
-16.2
-16.2
-16.2
-16.2
-16.2
-16.2
-16.2
-16.2
-16.2
-16.2
-16.2
-16.2
-16.19
-15.91
-15.76
-15.76
-15.76
-15.76
-15.76
-15.76
-15.76
-15.76
-15.76
-15.76
-15.76
-15.76
-15.76
-15.76
-15.76
-15.76
-15.71
-15.71
-15.71
-15.71
-15.71
-15.71
-15.71
-15.64
-15.52
-15.44
-15.44
-15.44
-15.44
-15.44
-15.44
-15.44
-15.44
-15.44
-15.44
-15.44
-15.44
-15.44
-15.44
-15.44
-15.44
-15.44
-15.44
-15.44
-15.44
-15.44
-15.44
-15.43
-15.43
-15.43
-15.43
-15.43
-15.43
-15.43
-15.43
-15.43
-15.43
-15.43
-15.43
-15.43
-15.43
-15.43
-15.43
-15.43
-15.43
-15.43
-15.43
-15.43
-15.43
-15.43
-15.43
-15.43
-15.43
-15.43
-15.43
-15.43
-15.43
-15.43
-15.4
-15.4
-15.4
-15.4
-15.4
-15.4
-15.4
-15.4
-15.4
-15.4
-15.4
-15.4
-15.4
-15.4
-15.4
-15.4
-15.4
-15.4
-15.4
-15.4
-15.4
-15.4
-15.4
-15.4
-15.4
-15.4
-15.4
-15.4
-15.4
-15.4
-15.4
-15.4
-15.4
-15.4
-15.4
-15.36
-15.36
-15.36
-15.36
-15.36
-15.36
-15.36
-15.36
-15.36
-15.36
-15.36
-15.36
-15.36
-15.36
-15.36
-15.36
-15.36
-15.36
-15.36
-15.36
-15.36
-15.36
-15.36
-15.36
-15.36
-15.36
-15.36
-15.36
-15.36
-15.36
-15.36
-15.36
-15.36
-15.36
-15.36
-15.36
-15.36
-15.36
-15.36
-15.36
-15.36
-15.36
-15.36
-15.36
-15.31
-15.14
-15.14
-15.12
-15.12
-15.12
-15.12
-15.12
-15.12
-15.12
-15.12
-15.12
-15.12
-15.12
-15.12
-15.12
-15.12
-15.12
-15.12
-15.12
-15.08
-15.08
-15.08
-15.08
-15.08
-15.08
-15.08
-15.08
-15.08
-15.08
-15.08
-15.08
-15.08
-15.08
-15.08
-15.08
-15.08
-15.07
-15.07
-15.07
-14.91
-14.91
-14.91
-14.91
-14.91
-14.91
-14.91
-14.91
-14.91
-14.91
-14.91
-14.91
-14.91
-14.91
-14.91
-14.91
-14.91
-14.91
-14.91
-14.9
-14.78
-14.6
-14.6
-14.6
-14.6
-14.6
-14.6
-14.6
-14.6
-14.6
-14.6
-14.6
-14.6
-14.6
-14.6
-14.6
-14.6
-14.6
-14.6
-14.6
-14.6
-14.6
-14.6
-14.6
-14.6
-14.6
-14.6
-14.6
-14.6
