-20.2222222222
-20.2465753425
-20.25
-20.1894736842
-20.19
-20.16
-20.15
-20.13
-20.16
-20.14
-20.18
-20.12
-20.15
-20.15
-20.12
-20.19
-20.15
-20.15
-20.04
-19.93
-19.86
-19.8
-19.74
-19.68
-19.58
-19.53
-19.43
-19.34
-19.14
-19.0
-18.92
-18.82
-18.72
-18.64
-18.56
-18.45
-18.49
-18.37
-18.3
-18.19
-18.13
-17.94
-17.92
-17.92
-17.86
-17.83
-17.87
-17.79
-17.67
-17.57
-17.48
-17.44
-17.31
-17.28
-17.13
-16.99
-16.94
-16.85
-16.89
-16.8
-16.68
-16.5
-16.29
-16.09
-15.84
-15.7
-15.56
-15.39
-15.29
-15.11
-14.96
-14.82
-14.52
-14.37
-14.01
-13.81
-13.64
-13.41
-13.27
-13.07
-12.87
-12.44
-12.17
-11.84
-11.59
-11.38
-11.02
-10.83
-10.62
-10.33
-10.02
-9.51
-9.22
-8.91
-8.58
-8.27
-7.78
-7.26
-6.59
-6.09
-5.28
-4.64
-3.92
-2.79
-1.93
-1.01
-0.47
0.47
1.08
1.8
2.5
3.47
4.63
5.44
6.06
6.96
7.79
8.14
8.92
9.52
10.38
11.03
11.58
11.95
12.29
12.63
12.79
12.79
12.89
12.81
13.01
13.26
13.45
13.55
13.39
13.52
13.4
13.11
12.89
12.82
12.73
12.71
12.56
12.38
12.38
12.25
12.06
11.91
11.58
11.52
11.6
11.67
11.75
11.87
12.08
12.46
12.5
12.59
12.61
12.6
12.76
13.11
13.26
13.51
13.99
14.24
14.53
14.88
15.12
15.62
15.8
16.18
16.28
16.28
16.27
16.44
16.45
16.44
16.41
16.44
16.5
16.59
16.58
16.7
16.85
16.96
16.94
16.99
16.99
17.08
17.03
17.01
17.0
17.0
16.98
17.04
17.03
17.04
17.02
17.15
17.17
17.22
17.31
17.42
17.38
17.37
17.37
17.42
17.26
17.21
17.17
17.17
17.21
17.31
17.43
17.39
17.34
17.37
17.24
17.23
17.24
17.21
17.16
17.03
16.97
16.86
16.89
16.9
16.98
17.1
17.13
17.04
16.96
17.04
16.93
16.84
16.65
16.73
16.87
16.98
17.0
17.0
16.91
17.02
17.16
17.24
17.38
17.35
17.37
17.34
17.35
17.47
17.53
17.56
17.61
17.71
17.82
18.05
17.95
17.97
18.07
18.11
18.29
18.38
18.38
18.36
18.34
18.42
18.45
18.6
18.64
18.67
18.74
18.77
18.92
18.88
18.9
19.06
19.05
19.07
19.1
19.12
19.12
19.17
19.13
19.13
19.09
19.08
19.0
19.0
18.91
18.87
18.93
18.89
18.93
18.94
18.97
19.0
18.95
18.87
18.84
18.87
18.79
18.82
18.81
18.83
18.82
18.86
18.88
18.97
18.96
18.93
18.95
19.05
19.05
18.95
18.84
18.92
18.89
18.96
18.95
18.96
18.97
19.0
18.97
19.04
19.09
19.13
19.18
19.19
19.19
19.2
19.17
19.11
19.28
19.31
19.3
19.34
19.33
19.3
19.33
19.35
19.41
19.42
19.36
19.36
19.35
19.4
19.38
19.39
19.42
19.52
19.51
19.53
19.55
19.53
19.52
19.53
19.57
19.56
19.58
19.6
19.57
19.56
19.61
19.63
19.64
19.63
19.69
19.73
19.78
19.81
19.85
19.92
19.95
19.97
19.98
20.01
20.0
20.04
20.14
20.12
20.15
20.17
20.2
20.2
20.23
20.19
20.14
20.1
20.13
20.14
20.12
20.04
19.96
19.99
20.0
19.98
19.92
19.96
19.91
