-20.51
-20.58
-20.67
-20.69
-20.76
-20.61
-20.63
-20.65
-20.71
-20.69
-20.65
-20.71
-20.61
-20.73
-20.7
-20.78
-20.6
-20.5
-20.42
-20.55
-20.54
-20.53
-20.54
-20.55
-20.64
-20.63
-20.5
-20.51
-20.51
-20.52
-20.49
-20.39
-20.23
-20.35
-20.44
-20.64
-20.69
-20.71
-20.62
-20.64
-20.65
-20.62
-20.5
-20.52
-20.51
-20.52
-20.47
-20.43
-20.38
-20.37
-20.39
-20.22
-20.14
-20.05
-19.9
-19.9
-19.89
-19.91
-19.94
-19.94
-19.94
-19.85
-19.8
-19.7
-19.75
-19.74
-19.77
-19.74
-19.8
-19.79
-19.76
-19.66
-19.83
-19.85
-19.78
-19.75
-19.8
-19.78
-19.78
-19.89
-19.95
-19.87
-19.8
-19.73
-19.68
-19.76
-19.72
-19.69
-19.74
-19.66
-19.64
-19.58
-19.57
-19.53
-19.57
-19.49
-19.65
-19.63
-19.69
-19.68
-19.6
-19.66
-19.64
-19.6
-19.5
-19.63
-19.58
-19.58
-19.56
-19.51
-19.64
-19.67
-19.59
-19.56
-19.62
-19.58
-19.47
-19.35
-19.34
-19.23
-19.15
-19.08
-19.12
-19.06
-19.02
-19.08
-19.19
-19.21
-19.2
-19.24
-19.28
-19.18
-19.24
-19.14
-19.16
-19.29
-19.3
-19.43
-19.48
-19.53
-19.42
-19.5
-19.49
-19.5
-19.53
-19.45
-19.42
-19.17
-19.08
-19.05
-18.93
-18.85
-18.75
-18.78
-18.81
-18.79
-18.84
-18.89
-18.97
-18.95
-18.75
-18.75
-18.74
-18.66
-18.6
-18.66
-18.68
-18.78
-18.82
-18.8
-18.86
-18.84
-18.71
-18.85
-18.85
-18.87
-18.8
-18.59
-18.51
-18.54
-18.46
-18.41
-18.37
-18.33
-18.34
-18.38
-18.32
-18.36
-18.21
-18.18
-18.3
-18.47
-18.51
-18.39
-18.39
-18.53
-18.58
-18.54
-18.36
-18.41
-18.48
-18.41
-18.39
-18.3
-18.2
-18.25
-18.33
-18.16
-18.2
-18.04
-17.99
-18.18
-18.09
-18.06
-18.19
-18.17
-18.26
-18.43
-18.43
-18.43
-18.39
-18.33
-18.41
-18.4
-18.36
-18.28
-18.33
-18.43
-18.4
-18.31
-18.28
-18.28
-18.24
-18.17
-18.24
-18.37
-18.45
-18.46
-18.51
-18.4
-18.47
-18.38
-18.28
-18.12
-18.04
-17.91
-17.87
-17.88
-17.66
-17.61
-17.55
-17.47
-17.33
-17.31
-17.28
-17.32
-17.53
-17.44
-17.64
-17.84
-18.12
-17.99
-17.96
-17.87
-17.85
-17.88
-17.78
-17.75
-17.72
-17.83
-17.8
-17.83
-17.92
-17.94
-18.04
-18.22
-18.26
-18.18
-18.18
-18.13
-18.13
-18.05
-18.04
-17.95
-17.89
-17.82
-17.9
-17.99
-17.94
-17.73
-17.39
-17.43
-17.46
-17.52
-17.47
-17.36
-17.39
-17.73
-17.95
-17.9
-18.01
-17.8
-17.8
-17.82
-17.77
-17.75
-17.79
-17.71
-17.54
-17.66
-17.64
-17.55
-17.55
-17.64
-17.71
-17.76
-17.75
-17.64
-17.65
-17.64
-17.58
-17.6
-17.63
-17.62
-17.61
-17.71
-17.84
-17.89
-17.8
-17.74
-17.69
-17.79
-17.84
-17.71
-17.86
-17.89
-18.06
-17.9
-17.81
-17.83
-17.82
-17.83
-17.68
-17.67
-17.45
-17.62
-17.67
-17.59
-17.73
-17.66
-17.57
-17.73
-17.76
-17.75
-17.55
-17.49
-17.54
-17.56
-17.55
-17.56
-17.61
-17.8
-17.86
-17.9
-18.04
-17.89
-17.96
-17.9
-17.93
-17.83
-17.63
-17.47
-17.37
-17.19
-17.33
-17.39
-17.35
-17.28
-17.34
-17.47
-17.56
-17.56
-17.34
-17.25
-17.23
-17.22
-17.26
-17.19
-17.14
-17.18
-17.37
-17.46
-17.68
-17.58
-17.52
-17.52
-17.6
-17.58
-17.58
-17.72
-17.65
-17.56
-17.64
-17.63
-17.6
-17.6
-17.54
-17.42
-17.21
-17.22
-17.22
-17.09
-17.02
-16.98
-16.97
-16.99
-16.93
-17.06
-17.09
-17.11
-17.14
-17.31
-17.19
-17.17
-17.25
-17.27
-17.15
-17.17
-17.0
-17.02
-16.92
-17.03
-17.1
-17.08
-17.03
-17.1
-17.0
-17.05
-17.09
-17.14
-17.13
-17.04
-17.08
-16.92
-17.06
-17.1
-17.09
-16.99
-17.04
-17.05
-17.13
-17.05
-17.22
-17.26
-17.14
-17.13
-17.12
-17.06
-17.04
-17.12
-16.93
-16.9
-16.74
-16.69
-16.76
-16.71
-16.59
-16.65
-16.52
-16.31
-16.26
-16.21
-16.28
-16.27
-16.27
-16.19
-16.24
-16.18
-16.28
-16.43
-16.43
-16.5
-16.48
