-20.51
-20.62
-20.8
-20.86
-20.93
-20.94
-20.93
-20.95
-20.97
-20.99
-20.95
-20.86
-20.83
-20.87
-20.88
-20.78
-20.73
-20.66
-20.63
-20.52
-20.32
-20.26
-20.15
-19.9
-19.81
-19.58
-19.79
-19.59
-19.49
-19.25
-19.34
-19.35
-19.39
-19.35
-19.31
-19.23
-19.1
-18.86
-18.9
-18.81
-18.86
-18.96
-18.87
-18.95
-18.72
-18.55
-18.56
-18.46
-18.54
-18.39
-18.33
-18.12
-18.1
-18.11
-18.0
-18.36
-18.14
-18.2
-18.17
-18.0
-17.94
-17.85
-17.77
-17.62
-17.69
-17.75
-17.84
-17.69
-17.75
-17.65
-17.59
-17.5
-17.66
-17.65
-17.66
-17.7
-17.62
-17.56
-17.35
-17.29
-17.48
-17.45
-17.43
-17.4
-17.29
-17.16
-17.21
-17.15
-17.4
-17.47
-17.46
-17.3
-17.3
-17.16
-17.22
-17.25
-17.31
-17.33
-17.36
-17.09
-17.11
-17.13
-17.14
-17.13
-17.26
-17.37
-17.37
-17.44
-17.28
-17.38
-17.04
-17.05
-16.94
-16.76
-16.7
-16.85
-16.97
-17.03
-17.31
-17.34
-17.35
-17.12
-17.1
-16.93
-16.89
-17.03
-17.12
-17.11
-17.07
-16.92
-16.54
-16.56
-16.54
-16.51
-16.42
-16.68
-16.81
-16.72
-16.7
-16.56
-16.63
-16.37
-16.34
-16.64
-16.68
-16.96
-17.02
-17.1
-16.79
-16.67
-16.89
-16.59
-16.72
-16.87
-16.89
-16.74
-16.57
-16.56
-16.49
-16.42
-16.39
-16.08
-16.01
-15.9
-15.88
-15.78
-15.95
-16.21
-16.4
-16.56
-16.71
-17.04
-17.31
-17.53
-17.7
-17.89
-17.89
-17.83
-17.87
-17.86
-17.67
-17.51
-17.36
-17.01
-16.81
-16.61
-16.4
-16.01
-15.82
-15.8
-15.52
-15.5
-15.32
-15.48
-15.67
-15.52
-15.69
-15.7
-15.78
-16.02
-15.99
-15.99
-16.09
-15.99
-15.82
-15.77
-15.52
-15.33
-15.27
-15.39
-15.51
-15.28
-15.66
-15.74
-15.84
-15.77
-15.79
-15.98
-16.23
-16.3
-16.54
-16.24
-15.71
-15.6
-15.19
-15.08
-14.94
-15.14
-15.57
-15.91
-16.25
-16.31
-16.23
-16.2
-16.06
-15.71
-15.88
-15.78
-16.19
-16.16
-16.54
-16.84
-17.12
-17.27
-17.43
-17.37
-17.59
-17.38
-17.33
-17.07
-17.04
-16.86
-16.85
-16.57
-16.53
-16.35
-16.02
-15.59
-15.16
-14.85
-14.8
-14.66
-14.94
-15.16
-15.51
-15.87
-15.84
-15.89
-15.79
-15.6
-15.68
-15.52
-15.39
-15.55
-15.58
-15.42
-15.08
-15.12
-15.2
-14.95
-14.78
-14.79
-14.77
-14.56
-14.62
-14.39
-14.66
-14.89
-15.19
-15.2
-15.49
-15.69
-15.75
-15.47
-15.18
-15.41
-15.3
-15.39
-15.39
-15.55
-15.67
-15.56
-15.33
-14.94
-14.71
-14.54
-14.53
-14.38
-14.13
-14.53
-14.54
-14.46
-14.48
-14.42
-14.52
-14.27
-14.29
-14.25
-14.36
-14.4
-14.31
-14.1
-14.19
-14.23
-14.27
-14.14
-13.97
-14.33
-14.79
-14.75
-14.74
-14.44
-13.85
-13.97
-13.72
-13.38
-13.09
-13.1
-13.31
-13.55
-13.46
-13.58
-13.66
-13.53
-13.59
-13.67
-13.83
-13.85
-13.67
-13.62
-13.9
-13.97
-13.84
-13.8
-13.66
-13.98
-14.23
-14.51
-14.93
-15.02
-15.54
-15.48
-15.69
-15.41
-15.54
-15.09
-14.78
-14.75
-15.04
-14.75
-14.88
-14.48
-14.7
-14.87
-14.87
-14.5
-14.36
-14.09
-14.1
-13.82
-13.47
-13.35
-13.59
-13.68
-13.99
-13.55
-13.59
-13.39
-13.16
-13.15
-13.02
-12.78
-12.99
-13.26
-13.15
-13.24
-13.07
-13.01
-12.94
-13.05
-12.8
-12.58
-12.82
-12.71
-12.61
-12.82
-12.76
-12.67
-12.96
