-20.52
-20.68
-20.76
-20.6
-20.38
-20.33
-20.32
-20.42
-20.35
-20.34
-20.16
-20.07
-20.01
-19.86
-19.63
-19.55
-19.31
-19.41
-19.52
-19.57
-19.67
-19.55
-19.46
-19.23
-19.28
-19.17
-19.23
-19.09
-18.73
-18.54
-18.42
-18.35
-18.35
-18.4
-18.22
-18.32
-18.46
-18.49
-18.47
-18.23
-18.18
-18.08
-18.21
-18.48
-18.4
-18.48
-18.32
-18.16
-18.14
-18.08
-18.19
-18.1
-18.25
-18.06
-18.05
-18.09
-18.06
-18.25
-18.33
-18.3
-17.96
-17.88
-17.75
-17.62
-17.66
-17.64
-17.8
-17.88
-17.92
-17.82
-17.85
-17.78
-17.86
-17.76
-17.66
-17.72
-17.65
-17.7
-17.67
-17.61
-17.57
-17.53
-17.61
-17.68
-17.65
-17.84
-17.95
-17.8
-17.73
-17.74
-17.58
-17.91
-18.28
-18.69
-18.72
-18.8
-18.28
-18.0
-17.68
-17.46
-17.76
-17.95
-17.98
-18.25
-18.37
-18.13
-17.75
-17.46
-17.24
-17.36
-17.44
-17.9
-18.25
-18.33
-18.37
-18.16
-17.67
-17.33
-17.07
-16.85
-16.68
-17.06
-17.28
-17.54
-17.49
-17.49
-17.39
-17.11
-16.97
-17.11
-17.12
-17.37
-17.77
-17.97
-17.92
-17.98
-17.59
-16.97
-16.75
-16.66
-16.57
-16.51
-16.86
-17.16
-17.42
-17.74
-17.69
-17.78
-17.86
-17.48
-17.16
-17.06
-17.22
-17.32
-17.17
-17.24
-17.17
-17.2
-17.14
-17.05
-17.0
-17.06
-17.34
-17.39
-17.17
-17.19
-17.2
-17.1
-16.71
-16.41
-16.39
-16.46
-16.23
-16.45
-16.35
-16.34
-16.38
-16.36
-16.33
-16.44
-16.64
-16.85
-16.85
-16.77
-16.79
-16.73
-16.68
-16.75
-16.89
-16.76
-16.57
-16.35
-16.29
-16.26
-15.91
-15.84
-16.04
-16.23
-16.04
-15.89
-16.4
-16.48
-16.44
-16.55
-16.66
-16.87
-16.57
-16.48
-16.26
-15.99
-15.92
-15.71
-15.75
-15.89
-15.95
-15.93
-15.75
-15.76
-15.66
-15.53
-15.48
-15.68
-15.61
-15.67
-15.83
-15.88
-15.73
-15.85
-15.9
-16.16
-16.13
-16.19
-16.49
-16.42
-16.66
-16.67
-16.55
-16.52
-16.16
-15.99
-15.79
-15.49
-15.7
-15.68
-15.84
-15.89
-15.89
-16.34
-16.28
-16.22
-16.25
-16.19
-16.26
-16.14
-16.04
-16.18
-16.2
-15.81
-15.81
-15.86
-15.88
-15.69
-15.76
-15.96
-16.24
-16.24
-16.1
-15.9
-15.84
-15.73
-15.47
-15.52
-15.48
-15.49
-15.73
-15.72
-16.03
-15.96
-15.75
-15.73
-15.73
-15.74
-15.76
-15.69
-15.87
-16.0
-15.8
-15.86
-15.94
-15.78
-15.8
-15.96
-16.09
-16.16
-16.28
-16.32
-16.44
-16.44
-16.21
-16.27
-16.19
-16.09
-15.96
-15.87
-15.76
-15.73
-15.47
-15.42
-15.41
-15.59
-15.49
-15.89
-16.1
-16.23
-16.29
-16.45
-16.56
-16.64
-16.72
-16.9
-17.2
-17.5
-17.72
-17.68
-17.4
-16.92
-16.64
-16.36
-16.0
-15.67
-15.63
-15.85
-16.18
-16.4
-16.44
-16.55
-16.59
-16.55
-16.24
-16.12
-15.72
-15.5
-15.45
-15.62
-15.96
-15.87
-16.02
-16.18
-16.07
-15.84
-15.57
-15.59
-15.34
-15.17
-15.21
-15.24
-15.41
-15.4
-15.37
-15.47
-15.45
-15.33
-15.34
-15.3
-15.43
-15.41
-15.34
-15.44
-15.44
-15.44
-15.37
-15.2
-15.23
-15.28
-15.24
-15.28
-15.44
-15.55
-15.66
-15.65
-15.79
-16.01
-15.97
-15.98
-15.77
-15.84
-15.59
-15.44
-15.33
-15.07
-15.08
-15.13
-15.02
-14.94
-14.95
-15.23
-15.16
-15.01
-15.25
-15.21
-15.23
-15.21
-15.24
-15.33
-15.55
-15.63
-15.69
-15.46
-15.55
-15.41
-15.19
-14.9
-14.78
-14.64
-14.95
-14.94
-14.93
-14.98
-15.12
-15.07
-14.93
-14.97
-15.07
-14.96
-15.27
-15.38
-15.51
-15.7
-15.61
-15.47
-15.51
-15.31
-15.44
-15.3
-15.42
-15.5
-15.55
-15.59
-15.46
-15.24
-15.15
