-20.48
-20.57
-20.6
-20.54
-20.52
-20.43
-20.43
-20.35
-20.32
-20.26
-20.26
-20.4
-20.37
-20.25
-20.07
-20.13
-20.1
-20.17
-20.08
-20.05
-20.03
-20.06
-20.14
-19.98
-19.9
-19.88
-19.93
-19.94
-19.76
-19.6
-19.55
-19.42
-19.59
-19.51
-19.59
-19.5
-19.6
-19.51
-19.66
-19.62
-19.71
-19.62
-19.51
-19.46
-19.32
-19.32
-19.33
-19.35
-19.19
-19.15
-19.01
-19.15
-19.28
-19.35
-19.44
-19.25
-19.16
-19.13
-19.11
-19.11
-19.16
-19.16
-19.13
-19.19
-19.26
-19.15
-19.04
-19.01
-18.75
-18.65
-18.66
-18.68
-18.77
-18.79
-18.84
-18.71
-18.61
-18.52
-18.4
-18.41
-18.35
-18.5
-18.63
-18.66
-18.81
-18.68
-18.7
-18.64
-18.59
-18.61
-18.48
-18.36
-18.2
-18.19
-18.2
-18.44
-18.45
-18.48
-18.56
-18.57
-18.53
-18.31
-18.1
-18.0
-17.82
-17.98
-17.92
-18.0
-18.09
-18.21
-18.14
-18.03
-17.94
-17.85
-17.76
-17.8
-17.88
-17.95
-17.88
-17.94
-17.84
-17.85
-17.81
-17.92
-18.01
-18.08
-17.75
-17.8
-17.71
-17.74
-17.88
-17.99
-17.94
-17.83
-17.71
-17.74
-17.62
-17.6
-17.64
-17.43
-17.39
-17.29
-17.42
-17.31
-17.5
-17.39
-17.43
-17.17
-17.3
-17.21
-17.22
-17.24
-17.42
-17.37
-17.33
-17.3
-17.3
-17.32
-17.23
-17.25
-17.45
-17.41
-17.38
-17.62
-17.5
-17.61
-17.61
-17.4
-17.46
-17.49
-17.49
-17.31
-17.18
-17.0
-16.86
-16.97
-17.28
-17.37
-17.5
-17.53
-17.4
-17.34
-17.33
-17.19
-17.34
-17.38
-17.43
-17.35
-17.34
-17.28
-17.22
-17.04
-17.09
-17.17
-17.15
-17.3
-17.28
-17.45
-17.27
-17.13
-17.24
-17.24
-17.05
-17.31
-17.43
-17.31
-17.46
-17.33
-17.36
-17.32
-17.31
-17.01
-17.19
-17.1
-17.11
-17.07
-17.41
-17.38
-17.17
-17.15
-17.3
-17.22
-17.33
-17.66
-17.72
-17.63
-17.37
-17.15
-17.09
-16.93
-16.89
-16.85
-17.19
-17.17
-17.24
-17.22
-17.33
-17.23
-17.23
-17.26
-17.32
-17.31
-17.36
-17.34
-17.34
-17.41
-17.26
-17.33
-17.4
-17.43
-17.29
-17.18
-17.07
-16.78
-16.71
-16.5
-16.73
-16.8
-17.05
-16.89
-17.13
-17.08
-17.14
-16.93
-17.12
-17.09
-17.04
-17.21
-17.13
-17.12
-17.05
-16.93
-16.84
-16.84
-16.7
-16.6
-16.61
-16.94
-16.77
-16.88
-16.75
-16.91
-16.71
-16.72
-16.74
-16.96
-16.91
-17.06
-17.19
-17.09
-17.16
-17.24
-17.09
-17.06
-17.11
-17.14
-16.94
-16.78
-16.84
-16.92
-16.88
-16.73
-16.75
-16.75
-16.53
-16.28
-16.24
-16.19
-16.33
-16.17
-16.24
-16.39
-16.34
-16.41
-16.26
-16.12
-15.96
-16.02
-16.09
-16.22
-16.14
-16.21
-16.29
-16.25
-15.99
-15.81
-15.91
-15.96
-16.05
-15.77
-15.88
-16.01
-15.93
-16.06
-16.0
-16.02
-16.26
-16.11
-16.24
-16.26
-16.17
-16.32
-16.01
-16.18
-16.09
-16.06
-16.15
-16.2
-16.43
-16.26
-16.31
-16.35
-16.19
-16.43
-16.35
-16.45
-16.48
-16.51
-16.4
-16.41
-16.2
-16.15
-15.91
-15.82
-15.82
-15.78
-15.95
-16.03
-16.09
-16.3
-16.4
-16.47
-16.22
-16.39
-16.32
-16.39
-16.42
-16.4
-16.52
-16.47
-16.4
-16.5
-16.48
-16.44
-16.35
-16.41
-16.36
-16.2
-16.4
-16.55
-16.48
-16.36
-16.32
-16.25
-16.25
-16.23
-15.95
-16.12
-16.15
-16.37
-16.4
-16.26
-16.49
-16.58
-16.92
-16.92
-17.06
