-20.35
-20.35
-20.35
-20.35
-20.35
-20.35
-20.35
-20.35
-20.35
-20.35
-20.35
-20.35
-20.35
-20.35
-20.35
-20.35
-20.35
-20.35
-20.35
-20.35
-20.35
-20.35
-20.35
-20.35
-20.35
-20.35
-20.35
-20.35
-20.35
-20.35
-20.35
-20.35
-20.23
-20.23
-20.23
-20.23
-20.23
-20.23
-20.23
-20.23
-20.23
-20.23
-20.23
-20.23
-20.23
-20.23
-20.23
-20.23
-20.23
-20.23
-20.23
-20.22
-20.14
-20.05
-19.9
-19.89
-19.88
-19.88
-19.88
-19.88
-19.87
-19.85
-19.78
-19.68
-19.68
-19.68
-19.68
-19.68
-19.68
-19.68
-19.68
-19.66
-19.65
-19.65
-19.65
-19.65
-19.65
-19.65
-19.65
-19.65
-19.65
-19.65
-19.65
-19.65
-19.65
-19.65
-19.65
-19.65
-19.65
-19.64
-19.64
-19.55
-19.55
-19.53
-19.49
-19.47
-19.47
-19.47
-19.47
-19.47
-19.47
-19.47
-19.47
-19.47
-19.47
-19.47
-19.47
-19.47
-19.47
-19.47
-19.47
-19.47
-19.47
-19.47
-19.47
-19.47
-19.47
-19.35
-19.33
-19.22
-19.13
-19.08
-19.07
-19.06
-19.01
-19.01
-19.01
-19.01
-19.01
-19.01
-19.01
-19.01
-19.01
-19.01
-19.01
-19.01
-19.01
-19.01
-19.01
-19.01
-19.01
-19.01
-19.01
-19.01
-19.01
-19.01
-19.01
-19.01
-19.01
-19.01
-18.92
-18.83
-18.75
-18.68
-18.68
-18.68
-18.68
-18.68
-18.68
-18.68
-18.68
-18.68
-18.68
-18.65
-18.56
-18.56
-18.56
-18.56
-18.56
-18.56
-18.56
-18.56
-18.56
-18.56
-18.56
-18.56
-18.56
-18.56
-18.42
-18.42
-18.42
-18.38
-18.37
-18.3
-18.3
-18.3
-18.29
-18.28
-18.2
-18.18
-18.18
-18.18
-18.18
-18.18
-18.18
-18.18
-18.18
-18.18
-18.18
-18.18
-18.18
-18.18
-18.18
-18.18
-18.16
-18.16
-18.16
-18.16
-18.12
-18.04
-17.99
-17.99
-17.99
-17.99
-17.99
-17.99
-17.99
-17.99
-17.99
-17.99
-17.99
-17.99
-17.99
-17.99
-17.99
-17.99
-17.99
-17.99
-17.99
-17.99
-17.99
-17.99
-17.99
-17.99
-17.99
-17.99
-17.99
-17.99
-17.99
-17.99
-17.99
-17.99
-17.99
-17.99
-17.99
-17.91
-17.87
-17.84
-17.63
-17.57
-17.47
-17.45
-17.33
-17.21
-17.21
-17.21
-17.21
-17.21
-17.21
-17.21
-17.21
-17.21
-17.21
-17.21
-17.21
-17.21
-17.21
-17.21
-17.21
-17.21
-17.21
-17.21
-17.21
-17.21
-17.21
-17.21
-17.21
-17.21
-17.21
-17.21
-17.21
-17.21
-17.21
-17.21
-17.21
-17.21
-17.21
-17.21
-17.21
-17.21
-17.21
-17.21
-17.21
-17.21
-17.21
-17.21
-17.21
-17.21
-17.21
-17.21
-17.21
-17.21
-17.21
-17.21
-17.21
-17.21
-17.21
-17.21
-17.21
-17.21
-17.21
-17.21
-17.21
-17.21
-17.21
-17.21
-17.21
-17.21
-17.21
-17.21
-17.21
-17.21
-17.21
-17.21
-17.21
-17.21
-17.21
-17.21
-17.21
-17.21
-17.21
-17.21
-17.21
-17.21
-17.21
-17.21
-17.21
-17.21
-17.21
-17.21
-17.21
-17.21
-17.21
-17.21
-17.21
-17.21
-17.21
-17.21
-17.21
-17.21
-17.21
-17.21
-17.21
-17.21
-17.21
-17.21
-17.21
-17.21
-17.21
-17.21
-17.21
-17.21
-17.21
-17.21
-17.21
-17.21
-17.21
-17.21
-17.21
-17.21
-17.21
-17.21
-17.21
-17.17
-17.17
-17.17
-17.17
-17.17
-17.17
-17.17
-17.17
-17.17
-17.17
-17.17
-17.17
-17.17
-17.17
-17.17
-17.1
-17.1
-17.1
-17.1
-17.1
-17.1
-17.1
-17.1
-17.1
-17.1
-17.1
-17.1
-17.1
-17.1
-17.1
-17.1
-17.1
-17.1
-17.1
-17.1
-17.1
-17.1
-17.1
-17.08
-17.0
-16.98
-16.92
-16.92
-16.92
-16.92
-16.92
-16.92
-16.92
-16.92
-16.92
-16.92
-16.92
-16.92
-16.92
-16.92
-16.92
-16.92
-16.85
-16.85
-16.85
-16.85
-16.85
-16.85
-16.85
-16.85
-16.85
-16.85
-16.85
-16.85
-16.85
-16.85
-16.85
-16.85
-16.85
-16.85
-16.85
-16.85
-16.85
-16.85
-16.85
-16.85
-16.85
-16.85
-16.85
-16.85
-16.85
-16.85
-16.85
-16.85
-16.69
-16.62
-16.62
-16.62
-16.59
-16.55
-16.52
-16.31
-16.26
-16.21
-16.2
-16.2
-16.16
-16.16
-16.06
-16.06
-16.06
-16.06
-16.06
-16.06
-16.06
