-inf
-inf
-inf
-inf
-20.18
-20.16
-20.14
-20.13
-20.13
-20.13
-20.13
-20.12
-20.11
-20.11
-20.11
-20.11
-20.11
-20.11
-20.04
-19.93
-19.86
-19.8
-19.74
-19.68
-19.58
-19.53
-19.43
-19.34
-19.14
-19.0
-18.92
-18.81
-18.72
-18.62
-18.56
-18.45
-18.42
-18.37
-18.3
-18.19
-18.12
-17.94
-17.89
-17.89
-17.86
-17.81
-17.81
-17.77
-17.67
-17.57
-17.47
-17.44
-17.31
-17.27
-17.13
-16.99
-16.92
-16.85
-16.82
-16.8
-16.68
-16.5
-16.29
-16.08
-15.84
-15.7
-15.56
-15.39
-15.29
-15.11
-14.96
-14.81
-14.52
-14.37
-14.01
-13.81
-13.64
-13.41
-13.27
-13.07
-12.87
-12.44
-12.17
-11.84
-11.59
-11.38
-11.02
-10.83
-10.62
-10.33
-10.0
-9.51
-9.22
-8.91
-8.58
-8.27
-7.78
-7.26
-6.59
-6.09
-5.28
-4.64
-3.92
-2.79
-1.93
-1.01
-0.47
0.47
1.08
1.8
2.5
3.47
4.63
5.44
6.06
6.96
7.79
8.14
8.92
9.52
10.38
11.03
11.58
11.98
12.29
12.63
12.8
12.8
12.89
12.89
13.03
13.26
13.45
13.55
13.55
13.55
13.55
13.55
13.55
13.55
13.55
13.55
13.55
13.55
13.55
13.55
13.55
13.55
13.55
13.55
13.55
13.55
13.55
13.55
13.55
13.55
13.55
13.55
13.55
13.55
13.55
13.55
13.55
13.55
13.99
14.24
14.53
14.88
15.12
15.62
15.8
16.18
16.28
16.32
16.32
16.44
16.45
16.45
